dataset_name: 'pointodyssee'
camera_params:
  image_height: 480
  image_width: 640
  fx: 888.888916015625
  fy: 888.888916015625
  cx: 320.0
  cy: 240.0
  png_depth_scale: 4369.0 # 0.00022888532845044633
  crop_edge: 0